2.494344916468311801e-01 2.555497441670755432e-01 5.390243902439024737e-01 5.487804878048780921e-01
2.469025106659331892e-01 2.533300889888733254e-01 5.902439024390243594e-01 6.097560975609755962e-01
2.456281841731063620e-01 2.525076598658749227e-01 5.487804878048780921e-01 5.121951219512195230e-01
2.441328217068514661e-01 2.514848592302622032e-01 5.853658536585365502e-01 5.975609756097560732e-01
2.426011920226761875e-01 2.499957220861738494e-01 5.487804878048780921e-01 5.365853658536585691e-01
2.410304086778078114e-01 2.487919456690363684e-01 5.390243902439024737e-01 5.121951219512195230e-01
2.393013391644890908e-01 2.479305063597615211e-01 5.536585365853659013e-01 5.121951219512195230e-01
2.375404784218693166e-01 2.462943886707628094e-01 5.804878048780487410e-01 5.487804878048780921e-01
2.359326624664200844e-01 2.445058541638165661e-01 5.829268292682926456e-01 5.487804878048780921e-01
2.342858711846320108e-01 2.434313284986614478e-01 5.756097560975609317e-01 5.487804878048780921e-01
2.322657702212654329e-01 2.418247563331719086e-01 5.731707317073170271e-01 5.365853658536585691e-01
2.303142415210991667e-01 2.398645037326068985e-01 5.902439024390243594e-01 5.731707317073170271e-01
2.291107327176559183e-01 2.396338934050630809e-01 5.804878048780487410e-01 5.365853658536585691e-01
2.275390815274822842e-01 2.371550779893668026e-01 6.073170731707316916e-01 6.219512195121951192e-01
2.260990392726169029e-01 2.359961026571597842e-01 6.073170731707316916e-01 6.219512195121951192e-01
2.248912368673959827e-01 2.351852014772511101e-01 6.024390243902438824e-01 6.097560975609755962e-01
2.242503434325707201e-01 2.338976928599619254e-01 6.634146341463414975e-01 6.463414634146341653e-01
2.229719343478800408e-01 2.331207247054500054e-01 6.219512195121951192e-01 6.341463414634146423e-01
2.225277567640406295e-01 2.325176976509835125e-01 6.317073170731707377e-01 6.219512195121951192e-01
2.214988765075552313e-01 2.317230785207023691e-01 6.268292682926829285e-01 6.219512195121951192e-01
2.209780513877391273e-01 2.319904245604196003e-01 6.146341463414634054e-01 6.219512195121951192e-01
2.198904759034723266e-01 2.305097586922244257e-01 6.317073170731707377e-01 6.341463414634146423e-01
2.189449755387831154e-01 2.295435407612424761e-01 6.487804878048780699e-01 6.341463414634146423e-01
2.184316350553629493e-01 2.291572196802118822e-01 6.487804878048780699e-01 6.341463414634146423e-01
2.180875830167236240e-01 2.288536581894534960e-01 6.487804878048780699e-01 6.341463414634146423e-01
2.177640189619871047e-01 2.285056875608956761e-01 6.487804878048780699e-01 6.219512195121951192e-01
2.174562553840018453e-01 2.282154397154603498e-01 6.487804878048780699e-01 6.219512195121951192e-01
2.169809820373685139e-01 2.276336844192275444e-01 6.560975609756097837e-01 6.219512195121951192e-01
2.165426766621818544e-01 2.272264291969111616e-01 6.658536585365854021e-01 6.463414634146341653e-01
2.156995331745166500e-01 2.267066713800242883e-01 6.536585365853658791e-01 6.219512195121951192e-01
2.155168063010183821e-01 2.263448889940166409e-01 6.682926829268293067e-01 6.463414634146341653e-01
2.149540426041158525e-01 2.260254382499879700e-01 6.560975609756097837e-01 6.219512195121951192e-01
2.146551606481905405e-01 2.254935584833802908e-01 6.707317073170732113e-01 6.463414634146341653e-01
2.143413156292457711e-01 2.254708416651401148e-01 6.560975609756097837e-01 6.219512195121951192e-01
2.138769225412424924e-01 2.250719628081329360e-01 6.560975609756097837e-01 6.219512195121951192e-01
2.132136458396431677e-01 2.241892366792098690e-01 6.682926829268293067e-01 6.463414634146341653e-01
2.128239000745280329e-01 2.242024574931080760e-01 6.585365853658536883e-01 6.219512195121951192e-01
2.126410720930719256e-01 2.239350679780073572e-01 6.560975609756097837e-01 6.219512195121951192e-01
2.123799633585802538e-01 2.233066273707469407e-01 6.707317073170732113e-01 6.463414634146341653e-01
2.116959779178945456e-01 2.229544768909795249e-01 6.682926829268293067e-01 6.463414634146341653e-01
2.116141454629249241e-01 2.227536980025534019e-01 6.658536585365854021e-01 6.463414634146341653e-01
2.110421817493597363e-01 2.222067973642343486e-01 6.658536585365854021e-01 6.463414634146341653e-01
2.110835768516991784e-01 2.220347645325460584e-01 6.731707317073171160e-01 6.463414634146341653e-01
2.111555705317139930e-01 2.225955175569346856e-01 6.609756097560975929e-01 6.341463414634146423e-01
2.104986299847743936e-01 2.218450629659652895e-01 6.682926829268293067e-01 6.463414634146341653e-01
2.104312492200191842e-01 2.217567299638433798e-01 6.682926829268293067e-01 6.463414634146341653e-01
2.107152887340192349e-01 2.216725554840152934e-01 6.707317073170732113e-01 6.463414634146341653e-01
2.102849509613122780e-01 2.212332798214300678e-01 6.707317073170732113e-01 6.463414634146341653e-01
2.101515418782812228e-01 2.210724884475889773e-01 6.707317073170732113e-01 6.463414634146341653e-01
2.094539349135763617e-01 2.210984101742087815e-01 6.707317073170732113e-01 6.463414634146341653e-01
2.093222259243393557e-01 2.204201473468693495e-01 6.707317073170732113e-01 6.463414634146341653e-01
2.099679080261799557e-01 2.209761850930966887e-01 6.756097560975610206e-01 6.463414634146341653e-01
2.102362037452855381e-01 2.213290238545836119e-01 6.682926829268293067e-01 6.463414634146341653e-01
2.101291012534067248e-01 2.211438590762538625e-01 6.707317073170732113e-01 6.463414634146341653e-01
2.104207515879586710e-01 2.213830768306851160e-01 6.682926829268293067e-01 6.463414634146341653e-01
2.101569386387766580e-01 2.217425419200796943e-01 6.682926829268293067e-01 6.463414634146341653e-01
2.096689580951170973e-01 2.208852971293814582e-01 6.634146341463414975e-01 6.463414634146341653e-01
2.100366077580286539e-01 2.209871476816215041e-01 6.682926829268293067e-01 6.463414634146341653e-01
2.096291887073337690e-01 2.212297047643232706e-01 6.682926829268293067e-01 6.463414634146341653e-01
2.094871993019288281e-01 2.209871859304813058e-01 6.682926829268293067e-01 6.463414634146341653e-01
2.096046242819667171e-01 2.207914090735676182e-01 6.707317073170732113e-01 6.463414634146341653e-01
2.100210506710162295e-01 2.212831137043884400e-01 6.682926829268293067e-01 6.463414634146341653e-01
2.101658668870284019e-01 2.212607376897758327e-01 6.658536585365854021e-01 6.463414634146341653e-01
2.099244738837645619e-01 2.213535423410306346e-01 6.658536585365854021e-01 6.463414634146341653e-01
2.098020475106120997e-01 2.210405381974683281e-01 6.682926829268293067e-01 6.463414634146341653e-01
2.097659212640062276e-01 2.209452749198624888e-01 6.707317073170732113e-01 6.463414634146341653e-01
2.098013827512571761e-01 2.217764912208027572e-01 6.536585365853658791e-01 6.219512195121951192e-01
2.092562259809411795e-01 2.206046366356246569e-01 6.682926829268293067e-01 6.463414634146341653e-01
2.091979831071878460e-01 2.204066481745037553e-01 6.707317073170732113e-01 6.463414634146341653e-01
2.090721452952848392e-01 2.203680027248981488e-01 6.682926829268293067e-01 6.463414634146341653e-01
2.089294258733701837e-01 2.200376410637641944e-01 6.756097560975610206e-01 6.463414634146341653e-01
2.095552547411986544e-01 2.207868274077684767e-01 6.731707317073171160e-01 6.707317073170732113e-01
2.089810307263857414e-01 2.201591957304686320e-01 6.756097560975610206e-01 6.463414634146341653e-01
2.089028201018044706e-01 2.199484536310046257e-01 6.756097560975610206e-01 6.463414634146341653e-01
2.091328176877969014e-01 2.201534028250046460e-01 6.707317073170732113e-01 6.463414634146341653e-01
2.086705023831808004e-01 2.199390674259777967e-01 6.756097560975610206e-01 6.463414634146341653e-01
2.088640590148044818e-01 2.201242163829822129e-01 6.682926829268293067e-01 6.463414634146341653e-01
2.090443217401337650e-01 2.202478786401632638e-01 6.658536585365854021e-01 6.463414634146341653e-01
2.088005424830955414e-01 2.201302080341826783e-01 6.658536585365854021e-01 6.463414634146341653e-01
2.083011847221949431e-01 2.196881154609592324e-01 6.707317073170732113e-01 6.463414634146341653e-01
2.085260147743277503e-01 2.197923313256989752e-01 6.658536585365854021e-01 6.463414634146341653e-01
2.089428774136071476e-01 2.201270876911672059e-01 6.682926829268293067e-01 6.463414634146341653e-01
2.090720953424135553e-01 2.202734192986740558e-01 6.756097560975610206e-01 6.463414634146341653e-01
2.094027429888604963e-01 2.206270899855502787e-01 6.658536585365854021e-01 6.463414634146341653e-01
2.092743979347810590e-01 2.204658391213092650e-01 6.756097560975610206e-01 6.585365853658536883e-01
2.091709226376141095e-01 2.203237147133177143e-01 6.756097560975610206e-01 6.585365853658536883e-01
2.086222654444816194e-01 2.200839328045733900e-01 6.658536585365854021e-01 6.463414634146341653e-01
2.089538124285383602e-01 2.201844652704387784e-01 6.682926829268293067e-01 6.463414634146341653e-01
2.089314113052948563e-01 2.202175535490287772e-01 6.658536585365854021e-01 6.463414634146341653e-01
2.085923309627810140e-01 2.201955085012212987e-01 6.682926829268293067e-01 6.463414634146341653e-01
2.082010958180008087e-01 2.194382941416173627e-01 6.756097560975610206e-01 6.463414634146341653e-01
2.081148681669766354e-01 2.193370827682052659e-01 6.756097560975610206e-01 6.463414634146341653e-01
2.085649228536755606e-01 2.198969481871919096e-01 6.634146341463414975e-01 6.463414634146341653e-01
2.088063837411835988e-01 2.200702799219937666e-01 6.707317073170732113e-01 6.463414634146341653e-01
2.085973901782122719e-01 2.204210715731896864e-01 6.682926829268293067e-01 6.463414634146341653e-01
2.083354461650561151e-01 2.196564710117612229e-01 6.682926829268293067e-01 6.463414634146341653e-01
2.079860281130216926e-01 2.193295534041946326e-01 6.707317073170732113e-01 6.463414634146341653e-01
2.081845777213027493e-01 2.194421165472092705e-01 6.707317073170732113e-01 6.463414634146341653e-01
2.076979381398001423e-01 2.190236693229252463e-01 6.756097560975610206e-01 6.463414634146341653e-01
2.072809936704490541e-01 2.188292854581590230e-01 6.682926829268293067e-01 6.463414634146341653e-01
